[{"ratings": [[45, 40, 50, 60], [35, 45, 75, 70], [30, 50, 60, 55], [45, 40, 50, 60], [35, 50, 50, 45], [30, 35, 40, 60], [35, 35, 45, 55], [35, 30, 45, 50]], "rate_ui": 4, "rankings": [[53, 56, 70, 65], [54, 55, 76, 80], [52, 74, 79, 73], [69, 61, 75, 78], [51, 67, 71, 68], [50, 60, 63, 81], [62, 58, 72, 77], [59, 57, 66, 64]], "rank_ui": 5, "groundtruth": [[53, 56, 65, 70], [54, 55, 76, 80], [52, 73, 74, 79], [61, 69, 75, 78], [51, 67, 68, 71], [50, 60, 63, 81], [58, 62, 72, 77], [57, 59, 64, 66]], "rank_dif": 3, "rate_dif": 2}, {"ratings": [[50, 70, 60, 70], [40, 60, 70, 70], [40, 40, 60, 50], [60, 60, 60, 75], [50, 80, 40, 75], [50, 60, 60, 80], [40, 80, 80, 70], [70, 70, 65, 70]], "rate_ui": 3, "rankings": [[68, 78, 75, 73], [56, 58, 74, 69], [60, 64, 72, 76], [53, 50, 54, 70], [57, 61, 63, 77], [52, 55, 67, 80], [51, 59, 81, 79], [65, 71, 66, 62]], "rank_ui": 3, "groundtruth": [[68, 73, 75, 78], [56, 58, 69, 74], [60, 64, 72, 76], [50, 53, 54, 70], [57, 61, 63, 77], [52, 55, 67, 80], [51, 59, 79, 81], [62, 65, 66, 71]], "rank_dif": 5, "rate_dif": 5}, {"ratings": [[50, 60, 45, 65], [45, 40, 35, 50], [45, 50, 52, 55], [40, 55, 65, 60], [55, 45, 65, 60], [40, 68, 55, 60], [40, 68, 45, 68], [70, 68, 75, 65]], "rate_ui": 5, "rankings": [[62, 68, 70, 73], [60, 57, 56, 75], [65, 63, 72, 67], [55, 53, 81, 71], [54, 58, 74, 64], [51, 77, 59, 80], [52, 61, 78, 69], [50, 79, 66, 76]], "rank_ui": 5, "groundtruth": [[62, 68, 70, 73], [56, 57, 60, 75], [63, 65, 67, 72], [53, 55, 71, 81], [54, 58, 64, 74], [51, 59, 77, 80], [52, 61, 69, 78], [50, 66, 76, 79]], "rank_dif": 5, "rate_dif": 5}, {"ratings": [[29, 25, 22, 35], [27, 21, 22, 30], [25, 18, 27, 30], [16, 19, 24, 22], [29, 19, 22, 27], [31, 24, 29, 28], [21, 29, 28, 31], [18, 26, 23, 32]], "rate_ui": 4, "rankings": [[52, 62, 71, 79], [55, 63, 56, 76], [54, 60, 68, 75], [53, 57, 77, 65], [64, 78, 70, 67], [72, 50, 74, 73], [66, 61, 51, 81], [59, 69, 80, 58]], "rank_ui": 4, "groundtruth": [[52, 62, 71, 79], [55, 56, 63, 76], [54, 60, 68, 75], [53, 57, 65, 77], [64, 67, 70, 78], [50, 72, 73, 74], [51, 61, 66, 81], [58, 59, 69, 80]], "rank_dif": 5, "rate_dif": 5}, {"ratings": [[50, 60, 65, 70], [55, 50, 75, 80], [55, 65, 70, 80], [75, 90, 85, 80], [50, 55, 75, 80], [55, 60, 70, 80], [55, 65, 65, 85], [55, 55, 75, 80]], "rate_ui": 4, "rankings": [[50, 60, 57, 68], [53, 58, 70, 80], [62, 55, 69, 72], [66, 74, 73, 75], [54, 79, 61, 78], [52, 63, 67, 76], [59, 65, 64, 81], [51, 56, 71, 77]], "rank_ui": 4, "groundtruth": [[50, 57, 60, 68], [53, 58, 70, 80], [55, 62, 69, 72], [66, 73, 74, 75], [54, 61, 78, 79], [52, 63, 67, 76], [59, 64, 65, 81], [51, 56, 71, 77]], "rank_dif": 2, "rate_dif": 3}, {"ratings": [[43, 60, 47, 49], [50, 45, 55, 55], [45, 55, 60, 60], [38, 45, 47, 52], [45, 48, 45, 52], [50, 45, 55, 45], [47, 42, 50, 48], [45, 47, 50, 55]], "rate_ui": 2, "rankings": [[53, 58, 73, 77], [72, 61, 81, 69], [50, 57, 75, 76], [54, 59, 70, 80], [60, 56, 63, 66], [65, 64, 68, 71], [55, 62, 79, 78], [51, 52, 67, 74]], "rank_ui": 2, "groundtruth": [[53, 58, 73, 77], [61, 69, 72, 81], [50, 57, 75, 76], [54, 59, 70, 80], [56, 60, 63, 66], [64, 65, 68, 71], [55, 62, 78, 79], [51, 52, 67, 74]], "rank_dif": 1, "rate_dif": 1}, {"ratings": [[30, 60, 50, 40], [35, 50, 30, 40], [20, 30, 40, 30], [35, 30, 40, 50], [35, 30, 40, 60], [30, 40, 25, 60], [30, 50, 45, 60], [30, 50, 45, 60]], "rate_ui": 4, "rankings": [[60, 63, 62, 71], [50, 68, 78, 79], [53, 54, 73, 61], [65, 72, 76, 64], [57, 58, 55, 74], [59, 52, 66, 75], [70, 77, 56, 81], [51, 69, 80, 67]], "rank_ui": 4, "groundtruth": [[60, 62, 63, 71], [50, 68, 78, 79], [53, 54, 61, 73], [64, 65, 72, 76], [55, 57, 58, 74], [52, 59, 66, 75], [56, 70, 77, 81], [51, 67, 69, 80]], "rank_dif": 2, "rate_dif": 4}, {"ratings": [[10, 10, 4, 8], [20, 20, 10, 25], [10, 10, 6, 20], [2, 1, 5, 5], [50, 20, 50, 50], [20, 20, 20, 20], [2, 1, 50, 1], [1, 1, 2, 2]], "rate_ui": 5, "rankings": [[73, 71, 57, 58], [60, 74, 56, 62], [66, 51, 55, 52], [80, 72, 54, 50], [79, 70, 61, 64], [77, 67, 63, 69], [78, 68, 75, 76], [81, 59, 53, 65]], "rank_ui": 5, "groundtruth": [[57, 58, 71, 73], [56, 60, 62, 74], [51, 52, 55, 66], [50, 54, 72, 80], [61, 64, 70, 79], [63, 67, 69, 77], [68, 75, 76, 78], [53, 59, 65, 81]], "rank_dif": 5, "rate_dif": 5}, {"ratings": [[80, 55, 68, 67], [58, 55, 50, 87], [57, 88, 55, 87], [77, 89, 55, 88], [66, 77, 57, 55], [55, 99, 88, 77], [44, 55, 56, 77], [86, 55, 44, 66]], "rate_ui": 2, "rankings": [[54, 62, 63, 77], [51, 53, 58, 66], [56, 70, 74, 64], [61, 55, 76, 78], [57, 60, 65, 73], [69, 75, 80, 68], [50, 52, 72, 67], [59, 71, 79, 81]], "rank_ui": 4, "groundtruth": [[54, 62, 63, 77], [51, 53, 58, 66], [56, 64, 70, 74], [55, 61, 76, 78], [57, 60, 65, 73], [68, 69, 75, 80], [50, 52, 67, 72], [59, 71, 79, 81]], "rank_dif": 2, "rate_dif": 2}, {"ratings": [[45, 65, 65, 50], [65, 55, 70, 60], [55, 65, 60, 55], [55, 65, 70, 70], [70, 65, 60, 70], [60, 60, 65, 65], [55, 65, 75, 70], [70, 75, 75, 75]], "rate_ui": 4, "rankings": [[68, 66, 78, 76], [51, 50, 59, 71], [53, 58, 55, 72], [57, 54, 73, 81], [56, 52, 61, 70], [64, 62, 65, 77], [60, 69, 75, 74], [63, 79, 80, 67]], "rank_ui": 4, "groundtruth": [[66, 68, 76, 78], [50, 51, 59, 71], [53, 55, 58, 72], [54, 57, 73, 81], [52, 56, 61, 70], [62, 64, 65, 77], [60, 69, 74, 75], [63, 67, 79, 80]], "rank_dif": 4, "rate_dif": 4}, {"ratings": [[25, 20, 25, 30], [40, 35, 40, 50], [30, 25, 45, 30], [35, 50, 40, 55], [25, 35, 20, 25], [36, 25, 40, 35], [40, 45, 45, 35], [40, 40, 30, 45]], "rate_ui": 5, "rankings": [[51, 72, 62, 80], [50, 58, 71, 76], [54, 55, 59, 66], [70, 68, 77, 81], [53, 64, 57, 56], [61, 65, 60, 63], [79, 73, 67, 69], [52, 75, 78, 74]], "rank_ui": 5, "groundtruth": [[51, 62, 72, 80], [50, 58, 71, 76], [54, 55, 59, 66], [68, 70, 77, 81], [53, 56, 57, 64], [60, 61, 63, 65], [67, 69, 73, 79], [52, 74, 75, 78]], "rank_dif": 4, "rate_dif": 3}, {"ratings": [[40, 50, 50, 70], [40, 60, 50, 70], [45, 60, 40, 50], [60, 40, 60, 50], [40, 40, 60, 55], [45, 55, 65, 75], [50, 60, 60, 70], [40, 45, 50, 55]], "rate_ui": 4, "rankings": [[72, 66, 58, 59], [74, 68, 67, 51], [79, 78, 69, 63], [73, 64, 55, 57], [75, 70, 62, 50], [76, 80, 81, 56], [77, 61, 65, 53], [71, 60, 54, 52]], "rank_ui": 4, "groundtruth": [[58, 59, 66, 72], [51, 67, 68, 74], [63, 69, 78, 79], [55, 57, 64, 73], [50, 62, 70, 75], [56, 76, 80, 81], [53, 61, 65, 77], [52, 54, 60, 71]], "rank_dif": 4, "rate_dif": 2}, {"ratings": [[40, 60, 60, 50], [30, 35, 45, 60], [40, 35, 60, 70], [40, 35, 65, 45], [40, 50, 45, 70], [35, 50, 65, 70], [35, 40, 50, 80], [35, 45, 55, 50]], "rate_ui": 4, "rankings": [[62, 58, 67, 75], [51, 53, 59, 78], [52, 54, 79, 71], [73, 65, 66, 77], [60, 61, 64, 80], [56, 72, 70, 81], [50, 55, 69, 74], [57, 63, 76, 68]], "rank_ui": 3, "groundtruth": [[58, 62, 67, 75], [51, 53, 59, 78], [52, 54, 71, 79], [65, 66, 73, 77], [60, 61, 64, 80], [56, 70, 72, 81], [50, 55, 69, 74], [57, 63, 68, 76]], "rank_dif": 5, "rate_dif": 4}, {"ratings": [[45, 50, 90, 65], [45, 82, 99, 65], [45, 85, 55, 70], [90, 85, 65, 55], [65, 55, 45, 75], [45, 75, 99, 55], [85, 55, 65, 99], [88, 99, 75, 65]], "rate_ui": 4, "rankings": [[81, 76, 75, 79], [52, 53, 71, 66], [50, 62, 72, 74], [69, 65, 70, 55], [51, 80, 57, 58], [68, 59, 67, 63], [54, 73, 61, 78], [77, 60, 56, 64]], "rank_ui": 4, "groundtruth": [[75, 76, 79, 81], [52, 53, 66, 71], [50, 62, 72, 74], [55, 65, 69, 70], [51, 57, 58, 80], [59, 63, 67, 68], [54, 61, 73, 78], [56, 60, 64, 77]], "rank_dif": 4, "rate_dif": 4}, {"ratings": [[25, 27, 32, 30], [30, 40, 36, 50], [30, 40, 45, 50], [46, 45, 57, 60], [40, 50, 60, 70], [50, 60, 70, 65], [50, 40, 60, 70], [65, 70, 70, 60]], "rate_ui": 5, "rankings": [[57, 62, 60, 61], [52, 71, 69, 80], [50, 56, 65, 77], [55, 58, 67, 76], [54, 63, 66, 81], [59, 64, 68, 75], [53, 51, 78, 79], [72, 70, 74, 73]], "rank_ui": 5, "groundtruth": [[57, 60, 61, 62], [52, 69, 71, 80], [50, 56, 65, 77], [55, 58, 67, 76], [54, 63, 66, 81], [59, 64, 68, 75], [51, 53, 78, 79], [70, 72, 73, 74]], "rank_dif": 4, "rate_dif": 2}, {"ratings": [[45, 55, 70, 65], [45, 50, 50, 65], [45, 55, 65, 50], [50, 45, 60, 70], [50, 60, 55, 55], [50, 75, 65, 80], [55, 50, 65, 75], [50, 60, 55, 70]], "rate_ui": 5, "rankings": [[68, 75, 64, 78], [63, 65, 81, 73], [55, 70, 66, 61], [51, 53, 77, 80], [57, 58, 62, 71], [52, 69, 67, 79], [54, 72, 56, 76], [50, 60, 59, 74]], "rank_ui": 5, "groundtruth": [[64, 68, 75, 78], [63, 65, 73, 81], [55, 61, 66, 70], [51, 53, 77, 80], [57, 58, 62, 71], [52, 67, 69, 79], [54, 56, 72, 76], [50, 59, 60, 74]], "rank_dif": 4, "rate_dif": 3}, {"ratings": [[38, 42, 43, 48], [43, 47, 53, 56], [41, 55, 46, 61], [44, 47, 52, 62], [38, 41, 49, 59], [42, 44, 59, 63], [41, 51, 68, 61], [44, 53, 56, 65]], "rate_ui": 4, "rankings": [[62, 63, 71, 68], [61, 64, 66, 78], [59, 72, 67, 80], [50, 54, 70, 79], [53, 65, 77, 81], [56, 60, 69, 74], [51, 55, 76, 75], [52, 57, 58, 73]], "rank_ui": 5, "groundtruth": [[62, 63, 68, 71], [61, 64, 66, 78], [59, 67, 72, 80], [50, 54, 70, 79], [53, 65, 77, 81], [56, 60, 69, 74], [51, 55, 75, 76], [52, 57, 58, 73]], "rank_dif": 2, "rate_dif": 1}, {"ratings": [[52, 65, 55, 50], [55, 51, 60, 65], [52, 54, 65, 68], [52, 68, 64, 67], [71, 64, 70, 58], [54, 50, 60, 74], [72, 79, 70, 75], [55, 72, 67, 65]], "rate_ui": 3, "rankings": [[58, 75, 70, 76], [57, 64, 74, 78], [52, 51, 71, 68], [54, 77, 80, 81], [63, 59, 61, 73], [53, 60, 55, 72], [62, 69, 66, 67], [65, 50, 56, 79]], "rank_ui": 3, "groundtruth": [[58, 70, 75, 76], [57, 64, 74, 78], [51, 52, 68, 71], [54, 77, 80, 81], [59, 61, 63, 73], [53, 55, 60, 72], [62, 66, 67, 69], [50, 56, 65, 79]], "rank_dif": 3, "rate_dif": 3}, {"ratings": [[55, 50, 35, 65], [30, 35, 55, 45], [25, 30, 30, 55], [55, 35, 45, 45], [28, 35, 40, 60], [30, 35, 40, 35], [35, 30, 55, 65], [45, 30, 35, 39]], "rate_ui": 4, "rankings": [[65, 59, 78, 67], [51, 71, 70, 64], [57, 53, 62, 75], [72, 77, 73, 76], [56, 50, 69, 80], [54, 58, 63, 68], [52, 61, 81, 79], [60, 66, 55, 74]], "rank_ui": 4, "groundtruth": [[59, 65, 67, 78], [51, 64, 70, 71], [53, 57, 62, 75], [72, 73, 76, 77], [50, 56, 69, 80], [54, 58, 63, 68], [52, 61, 79, 81], [55, 60, 66, 74]], "rank_dif": 5, "rate_dif": 3}, {"ratings": [[75, 75, 68, 80], [65, 55, 72, 80], [60, 57, 58, 58], [80, 75, 70, 85], [68, 75, 90, 90], [78, 78, 85, 72], [58, 65, 65, 78], [62, 65, 75, 80]], "rate_ui": 5, "rankings": [[59, 67, 75, 80], [50, 51, 60, 71], [53, 54, 55, 64], [77, 70, 68, 81], [57, 63, 78, 79], [66, 72, 76, 73], [65, 61, 58, 69], [52, 56, 62, 74]], "rank_ui": 5, "groundtruth": [[59, 67, 75, 80], [50, 51, 60, 71], [53, 54, 55, 64], [68, 70, 77, 81], [57, 63, 78, 79], [66, 72, 73, 76], [58, 61, 65, 69], [52, 56, 62, 74]], "rank_dif": 3, "rate_dif": 4}, {"ratings": [[39, 46, 36, 42], [41, 38, 35, 33], [38, 36, 35, 42], [42, 41, 39, 38], [39, 38, 45, 43], [42, 38, 36, 44], [37, 45, 39, 49], [34, 37, 38, 45]], "rate_ui": 3, "rankings": [[52, 55, 69, 71], [54, 77, 73, 70], [57, 61, 76, 80], [51, 53, 62, 78], [50, 74, 63, 68], [65, 60, 67, 75], [59, 56, 81, 72], [64, 58, 66, 79]], "rank_ui": 3, "groundtruth": [[52, 55, 69, 71], [54, 70, 73, 77], [57, 61, 76, 80], [51, 53, 62, 78], [50, 63, 68, 74], [60, 65, 67, 75], [56, 59, 72, 81], [58, 64, 66, 79]], "rank_dif": 3, "rate_dif": 2}, {"ratings": [[30, 45, 50, 35], [35, 40, 45, 50], [30, 35, 45, 50], [35, 45, 50, 55], [40, 35, 25, 45], [35, 50, 35, 45], [55, 40, 60, 45], [35, 30, 55, 45]], "rate_ui": 3, "rankings": [[66, 71, 64, 78], [59, 74, 77, 81], [51, 60, 72, 80], [57, 62, 69, 67], [56, 50, 55, 63], [52, 58, 61, 73], [68, 75, 79, 76], [53, 54, 65, 70]], "rank_ui": 5, "groundtruth": [[64, 66, 71, 78], [59, 74, 77, 81], [51, 60, 72, 80], [57, 62, 67, 69], [50, 55, 56, 63], [52, 58, 61, 73], [68, 75, 76, 79], [53, 54, 65, 70]], "rank_dif": 5, "rate_dif": 5}, {"ratings": [[79, 65, 71, 50], [35, 32, 92, 85], [32, 42, 47, 55], [37, 32, 28, 60], [36, 30, 42, 69], [32, 40, 44, 52], [38, 51, 45, 41], [50, 38, 53, 52]], "rate_ui": 4, "rankings": [[71, 61, 58, 70], [51, 50, 75, 76], [63, 79, 81, 74], [56, 64, 62, 72], [52, 60, 69, 73], [55, 53, 66, 78], [54, 65, 68, 80], [59, 57, 67, 77]], "rank_ui": 5, "groundtruth": [[58, 61, 70, 71], [50, 51, 75, 76], [63, 74, 79, 81], [56, 62, 64, 72], [52, 60, 69, 73], [53, 55, 66, 78], [54, 65, 68, 80], [57, 59, 67, 77]], "rank_dif": 4, "rate_dif": 2}, {"ratings": [[55, 80, 60, 70], [70, 85, 65, 85], [45, 55, 60, 60], [55, 60, 75, 65], [70, 55, 60, 75], [55, 70, 65, 80], [50, 60, 55, 70], [45, 60, 60, 55]], "rate_ui": null, "rankings": [[50, 65, 64, 70], [74, 71, 66, 80], [51, 73, 78, 79], [61, 77, 60, 72], [55, 56, 59, 75], [52, 58, 68, 76], [53, 67, 69, 81], [57, 54, 62, 63]], "rank_ui": null, "groundtruth": [[50, 64, 65, 70], [66, 71, 74, 80], [51, 73, 78, 79], [60, 61, 72, 77], [55, 56, 59, 75], [52, 58, 68, 76], [53, 67, 69, 81], [54, 57, 62, 63]], "rank_dif": null, "rate_dif": null}, {"ratings": [[30, 40, 45, 50], [35, 30, 50, 45], [40, 35, 30, 50], [30, 25, 50, 35], [20, 40, 50, 30], [35, 30, 40, 45], [30, 40, 45, 55], [35, 50, 40, 45]], "rate_ui": 3, "rankings": [[51, 65, 77, 76], [58, 63, 81, 78], [61, 66, 71, 80], [57, 53, 70, 68], [64, 72, 62, 74], [50, 54, 73, 75], [55, 60, 79, 67], [52, 69, 59, 56]], "rank_ui": 3, "groundtruth": [[51, 65, 76, 77], [58, 63, 78, 81], [61, 66, 71, 80], [53, 57, 68, 70], [62, 64, 72, 74], [50, 54, 73, 75], [55, 60, 67, 79], [52, 56, 59, 69]], "rank_dif": 1, "rate_dif": 1}, {"ratings": [[60, 75, 35, 89], [76, 75, 56, 56], [45, 65, 35, 35], [65, 54, 45, 24], [25, 35, 56, 35], [35, 46, 65, 35], [67, 67, 56, 45], [56, 65, 45, 75]], "rate_ui": 4, "rankings": [[79, 60, 67, 75], [74, 59, 68, 78], [80, 56, 58, 81], [51, 70, 71, 61], [57, 55, 77, 65], [64, 72, 52, 63], [54, 73, 66, 69], [62, 50, 76, 53]], "rank_ui": 4, "groundtruth": [[60, 67, 75, 79], [59, 68, 74, 78], [56, 58, 80, 81], [51, 61, 70, 71], [55, 57, 65, 77], [52, 63, 64, 72], [54, 66, 69, 73], [50, 53, 62, 76]], "rank_dif": 4, "rate_dif": 5}, {"ratings": [[32, 34, 53, 41], [23, 35, 35, 53], [25, 32, 34, 14], [37, 36, 38, 43], [34, 37, 25, 49], [27, 25, 25, 36], [24, 36, 34, 43], [32, 26, 39, 43]], "rate_ui": 2, "rankings": [[74, 71, 78, 61], [54, 59, 73, 79], [50, 57, 69, 64], [66, 56, 68, 81], [55, 65, 60, 76], [52, 58, 63, 70], [51, 77, 75, 80], [53, 62, 67, 72]], "rank_ui": 5, "groundtruth": [[61, 71, 74, 78], [54, 59, 73, 79], [50, 57, 64, 69], [56, 66, 68, 81], [55, 60, 65, 76], [52, 58, 63, 70], [51, 75, 77, 80], [53, 62, 67, 72]], "rank_dif": 5, "rate_dif": 2}, {"ratings": [[54, 44, 43, 45], [44, 26, 33, 40], [25, 30, 43, 34], [24, 24, 33, 33], [33, 43, 25, 45], [25, 33, 66, 55], [33, 54, 55, 66], [44, 35, 56, 66]], "rate_ui": 4, "rankings": [[73, 78, 81, 74], [56, 55, 60, 69], [52, 64, 72, 61], [54, 62, 70, 75], [57, 68, 71, 63], [50, 51, 67, 79], [53, 66, 80, 76], [58, 77, 59, 65]], "rank_ui": 4, "groundtruth": [[73, 74, 78, 81], [55, 56, 60, 69], [52, 61, 64, 72], [54, 62, 70, 75], [57, 63, 68, 71], [50, 51, 67, 79], [53, 66, 76, 80], [58, 59, 65, 77]], "rank_dif": 5, "rate_dif": 5}, {"ratings": [[38, 42, 47, 42], [40, 40, 58, 60], [35, 45, 50, 55], [35, 35, 45, 40], [40, 44, 45, 55], [40, 40, 42, 40], [35, 35, 44, 44], [30, 37, 46, 55]], "rate_ui": 3, "rankings": [[57, 67, 77, 79], [59, 60, 75, 80], [55, 66, 69, 78], [50, 54, 70, 76], [56, 58, 68, 72], [63, 74, 73, 61], [52, 51, 65, 71], [53, 62, 64, 81]], "rank_ui": 3, "groundtruth": [[57, 67, 77, 79], [59, 60, 75, 80], [55, 66, 69, 78], [50, 54, 70, 76], [56, 58, 68, 72], [61, 63, 73, 74], [51, 52, 65, 71], [53, 62, 64, 81]], "rank_dif": 2, "rate_dif": 2}, {"ratings": [[30, 34, 30, 45], [34, 5, 33, 45], [34, 34, 334, 45], [22, 23, 34, 34], [34, 3, 12, 32], [12, 32, 54, 23], [34, 3, 12, 32], [32, 32, 23, 34]], "rate_ui": 4, "rankings": [[65, 60, 57, 71], [72, 52, 59, 67], [51, 80, 81, 76], [79, 55, 63, 75], [73, 54, 77, 68], [61, 53, 50, 66], [64, 56, 58, 62], [69, 74, 78, 70]], "rank_ui": 4, "groundtruth": [[57, 60, 65, 71], [52, 59, 67, 72], [51, 76, 80, 81], [55, 63, 75, 79], [54, 68, 73, 77], [50, 53, 61, 66], [56, 58, 62, 64], [69, 70, 74, 78]], "rank_dif": 4, "rate_dif": 3}, {"ratings": [[5, 23, 3, 34], [23, 32, 23, 12], [32, 43, 43, 23], [23, 21, 43, 33], [32, 43, 12, 32], [23, 43, 23, 34], [24, 34, 25, 32], [34, 24, 45, 24]], "rate_ui": 4, "rankings": [[66, 70, 59, 75], [76, 71, 68, 73], [69, 58, 67, 55], [74, 62, 50, 57], [65, 77, 80, 52], [64, 51, 72, 79], [54, 81, 78, 56], [61, 53, 60, 63]], "rank_ui": 3, "groundtruth": [[59, 66, 70, 75], [68, 71, 73, 76], [55, 58, 67, 69], [50, 57, 62, 74], [52, 65, 77, 80], [51, 64, 72, 79], [54, 56, 78, 81], [53, 60, 61, 63]], "rank_dif": 4, "rate_dif": 3}, {"ratings": [[28, 23, 25, 23], [23, 35, 35, 33], [54, 49, 33, 43], [34, 34, 355, 34], [23, 34, 34, 1], [34, 23, 43, 55], [43, 34, 54, 23], [54, 34, 45, 23]], "rate_ui": 5, "rankings": [[76, 58, 56, 50], [54, 68, 59, 67], [63, 52, 81, 73], [65, 69, 78, 51], [55, 79, 57, 61], [75, 80, 71, 62], [74, 60, 72, 64], [53, 66, 70, 77]], "rank_ui": 4, "groundtruth": [[50, 56, 58, 76], [54, 59, 67, 68], [52, 63, 73, 81], [51, 65, 69, 78], [55, 57, 61, 79], [62, 71, 75, 80], [60, 64, 72, 74], [53, 66, 70, 77]], "rank_dif": 4, "rate_dif": 5}, {"ratings": [[30, 55, 60, 55], [55, 50, 45, 60], [30, 80, 40, 60], [40, 60, 50, 80], [30, 50, 60, 70], [30, 20, 35, 40], [30, 35, 40, 70], [35, 40, 30, 50]], "rate_ui": 5, "rankings": [[55, 66, 72, 75], [60, 71, 77, 81], [54, 61, 73, 78], [64, 57, 68, 76], [62, 56, 74, 80], [51, 63, 52, 67], [53, 50, 59, 79], [58, 65, 69, 70]], "rank_ui": 5, "groundtruth": [[55, 66, 72, 75], [60, 71, 77, 81], [54, 61, 73, 78], [57, 64, 68, 76], [56, 62, 74, 80], [51, 52, 63, 67], [50, 53, 59, 79], [58, 65, 69, 70]], "rank_dif": 4, "rate_dif": 3}, {"ratings": [[45, 55, 50, 52], [54, 50, 60, 65], [46, 43, 55, 58], [42, 41, 42, 59], [43, 30, 57, 50], [51, 57, 63, 60], [47, 55, 46, 64], [47, 40, 57, 55]], "rate_ui": 5, "rankings": [[51, 63, 66, 56], [58, 78, 73, 79], [59, 72, 69, 74], [50, 57, 55, 76], [53, 62, 67, 80], [65, 68, 81, 75], [54, 64, 61, 70], [52, 60, 71, 77]], "rank_ui": 5, "groundtruth": [[51, 56, 63, 66], [58, 73, 78, 79], [59, 69, 72, 74], [50, 55, 57, 76], [53, 62, 67, 80], [65, 68, 75, 81], [54, 61, 64, 70], [52, 60, 71, 77]], "rank_dif": 3, "rate_dif": 2}, {"ratings": [[55, 70, 64, 86], [49, 66, 78, 69], [57, 60, 48, 67], [52, 63, 79, 86], [47, 49, 54, 88], [54, 77, 61, 79], [47, 58, 50, 67], [45, 52, 60, 55]], "rate_ui": 3, "rankings": [[57, 73, 65, 77], [64, 59, 70, 71], [50, 56, 54, 75], [52, 58, 76, 78], [51, 60, 55, 80], [62, 79, 72, 74], [63, 66, 69, 81], [61, 53, 67, 68]], "rank_ui": 4, "groundtruth": [[57, 65, 73, 77], [59, 64, 70, 71], [50, 54, 56, 75], [52, 58, 76, 78], [51, 55, 60, 80], [62, 72, 74, 79], [63, 66, 69, 81], [53, 61, 67, 68]], "rank_dif": 3, "rate_dif": 2}, {"ratings": [[25, 25, 55, 50], [25, 0, 35, 35], [20, 28, 24, 30], [21, 22, 30, 31], [22, 26, 38, 24], [18, 29, 30, 37], [26, 24, 28, 50], [18, 13, 21, 30]], "rate_ui": 4, "rankings": [[51, 54, 71, 72], [53, 55, 64, 74], [52, 59, 65, 70], [60, 56, 68, 73], [62, 66, 76, 77], [61, 67, 81, 80], [63, 58, 69, 78], [50, 57, 75, 79]], "rank_ui": 5, "groundtruth": [[51, 54, 71, 72], [53, 55, 64, 74], [52, 59, 65, 70], [56, 60, 68, 73], [62, 66, 76, 77], [61, 67, 80, 81], [58, 63, 69, 78], [50, 57, 75, 79]], "rank_dif": 4, "rate_dif": 3}, {"ratings": [[60, 70, 87, 100], [50, 60, 60, 80], [65, 70, 70, 75], [60, 75, 60, 70], [60, 75, 50, 70], [50, 65, 75, 75], [60, 50, 60, 70], [60, 65, 70, 50]], "rate_ui": 4, "rankings": [[78, 80, 64, 74], [53, 54, 69, 77], [60, 75, 68, 81], [72, 56, 76, 66], [71, 59, 61, 73], [52, 62, 67, 79], [55, 50, 58, 70], [51, 57, 65, 63]], "rank_ui": 3, "groundtruth": [[64, 74, 78, 80], [53, 54, 69, 77], [60, 68, 75, 81], [56, 66, 72, 76], [59, 61, 71, 73], [52, 62, 67, 79], [50, 55, 58, 70], [51, 57, 63, 65]], "rank_dif": 4, "rate_dif": 4}, {"ratings": [[40, 25, 45, 30], [40, 50, 40, 60], [35, 40, 45, 50], [40, 40, 50, 60], [40, 50, 60, 60], [40, 60, 40, 50], [30, 50, 40, 70], [30, 50, 40, 60]], "rate_ui": 4, "rankings": [[51, 52, 65, 66], [56, 64, 62, 81], [57, 63, 61, 73], [59, 60, 78, 79], [71, 75, 72, 76], [58, 70, 67, 77], [53, 50, 54, 80], [55, 69, 68, 74]], "rank_ui": 5, "groundtruth": [[51, 52, 65, 66], [56, 62, 64, 81], [57, 61, 63, 73], [59, 60, 78, 79], [71, 72, 75, 76], [58, 67, 70, 77], [50, 53, 54, 80], [55, 68, 69, 74]], "rank_dif": 4, "rate_dif": 1}, {"ratings": [[59, 65, 64, 79], [56, 66, 75, 77], [58, 62, 84, 78], [52, 68, 79, 62], [52, 63, 74, 79], [60, 80, 79, 89], [58, 75, 88, 83], [67, 69, 84, 80]], "rate_ui": 3, "rankings": [[57, 55, 61, 67], [53, 64, 70, 72], [59, 63, 75, 78], [51, 60, 71, 77], [50, 74, 65, 69], [52, 68, 80, 76], [56, 66, 81, 79], [54, 58, 73, 62]], "rank_ui": 4, "groundtruth": [[55, 57, 61, 67], [53, 64, 70, 72], [59, 63, 75, 78], [51, 60, 71, 77], [50, 65, 69, 74], [52, 68, 76, 80], [56, 66, 79, 81], [54, 58, 62, 73]], "rank_dif": 2, "rate_dif": 3}, {"ratings": [[60, 65, 70, 70], [53, 55, 70, 75], [41, 58, 59, 81], [50, 55, 65, 78], [60, 50, 58, 70], [58, 56, 65, 61], [41, 61, 50, 70], [61, 70, 65, 78]], "rate_ui": 5, "rankings": [[60, 69, 65, 80], [53, 54, 68, 81], [52, 56, 63, 57], [51, 50, 71, 66], [59, 61, 76, 78], [58, 64, 70, 74], [55, 62, 75, 79], [73, 77, 67, 72]], "rank_ui": 5, "groundtruth": [[60, 65, 69, 80], [53, 54, 68, 81], [52, 56, 57, 63], [50, 51, 66, 71], [59, 61, 76, 78], [58, 64, 70, 74], [55, 62, 75, 79], [67, 72, 73, 77]], "rank_dif": 4, "rate_dif": 4}, {"ratings": [[54, 45, 75, 70], [45, 65, 95, 80], [80, 75, 70, 55], [52, 92, 95, 80], [60, 78, 95, 48], [90, 85, 80, 44], [54, 66, 94, 86], [64, 62, 55, 68]], "rate_ui": 4, "rankings": [[61, 55, 72, 81], [60, 62, 75, 77], [58, 69, 70, 71], [52, 63, 68, 80], [53, 67, 59, 66], [65, 78, 74, 79], [51, 56, 64, 73], [54, 50, 57, 76]], "rank_ui": 4, "groundtruth": [[55, 61, 72, 81], [60, 62, 75, 77], [58, 69, 70, 71], [52, 63, 68, 80], [53, 59, 66, 67], [65, 74, 78, 79], [51, 56, 64, 73], [50, 54, 57, 76]], "rank_dif": 2, "rate_dif": 2}, {"ratings": [[55, 75, 70, 65], [45, 40, 55, 45], [50, 55, 60, 65], [55, 55, 60, 65], [45, 45, 55, 60], [55, 65, 70, 60], [55, 60, 65, 60], [65, 55, 60, 75]], "rate_ui": 4, "rankings": [[58, 62, 78, 75], [55, 64, 66, 68], [50, 56, 73, 80], [71, 70, 74, 79], [54, 51, 52, 69], [53, 67, 59, 76], [63, 72, 77, 65], [57, 81, 60, 61]], "rank_ui": 4, "groundtruth": [[58, 62, 75, 78], [55, 64, 66, 68], [50, 56, 73, 80], [70, 71, 74, 79], [51, 52, 54, 69], [53, 59, 67, 76], [63, 65, 72, 77], [57, 60, 61, 81]], "rank_dif": 2, "rate_dif": 4}, {"ratings": [[60, 55, 58, 95], [45, 50, 55, 66], [60, 63, 52, 57], [40, 50, 56, 60], [43, 45, 42, 47], [38, 41, 48, 43], [43, 46, 45, 48], [46, 53, 50, 58]], "rate_ui": 5, "rankings": [[55, 68, 77, 81], [56, 57, 67, 76], [69, 65, 75, 78], [54, 64, 79, 72], [62, 60, 63, 70], [51, 52, 66, 74], [50, 59, 71, 80], [53, 58, 61, 73]], "rank_ui": 5, "groundtruth": [[55, 68, 77, 81], [56, 57, 67, 76], [65, 69, 75, 78], [54, 64, 72, 79], [60, 62, 63, 70], [51, 52, 66, 74], [50, 59, 71, 80], [53, 58, 61, 73]], "rank_dif": 3, "rate_dif": 1}, {"ratings": [[65, 59, 85, 55], [75, 80, 89, 77], [68, 71, 77, 75], [67, 65, 66, 75], [58, 62, 74, 68], [56, 65, 62, 62], [58, 62, 55, 67], [58, 68, 62, 65]], "rate_ui": 2, "rankings": [[62, 58, 71, 75], [55, 70, 66, 69], [53, 67, 64, 68], [65, 61, 73, 76], [56, 63, 74, 81], [54, 60, 59, 72], [52, 57, 50, 80], [51, 79, 77, 78]], "rank_ui": 3, "groundtruth": [[58, 62, 71, 75], [55, 66, 69, 70], [53, 64, 67, 68], [61, 65, 73, 76], [56, 63, 74, 81], [54, 59, 60, 72], [50, 52, 57, 80], [51, 77, 78, 79]], "rank_dif": 3, "rate_dif": 2}, {"ratings": [[53, 57, 65, 80], [60, 70, 80, 80], [55, 60, 60, 75], [50, 54, 70, 70], [55, 60, 70, 80], [50, 65, 75, 75], [60, 70, 75, 80], [50, 60, 65, 70]], "rate_ui": 5, "rankings": [[53, 57, 65, 77], [60, 71, 78, 81], [55, 59, 63, 75], [50, 54, 67, 70], [56, 58, 68, 80], [51, 66, 73, 74], [62, 69, 76, 79], [52, 61, 64, 72]], "rank_ui": 5, "groundtruth": [[53, 57, 65, 77], [60, 71, 78, 81], [55, 59, 63, 75], [50, 54, 67, 70], [56, 58, 68, 80], [51, 66, 73, 74], [62, 69, 76, 79], [52, 61, 64, 72]], "rank_dif": 5, "rate_dif": 5}, {"ratings": [[60, 45, 65, 55], [45, 50, 50, 65], [35, 50, 55, 55], [40, 40, 55, 55], [45, 40, 45, 55], [40, 45, 50, 60], [50, 55, 60, 55], [45, 45, 40, 50]], "rate_ui": 5, "rankings": [[58, 81, 66, 77], [56, 53, 61, 74], [54, 67, 76, 78], [51, 57, 73, 70], [63, 60, 72, 80], [50, 55, 64, 79], [68, 71, 75, 69], [52, 59, 62, 65]], "rank_ui": 5, "groundtruth": [[58, 66, 77, 81], [53, 56, 61, 74], [54, 67, 76, 78], [51, 57, 70, 73], [60, 63, 72, 80], [50, 55, 64, 79], [68, 69, 71, 75], [52, 59, 62, 65]], "rank_dif": 2, "rate_dif": 3}, {"ratings": [[40, 47, 45, 50], [38, 40, 35, 50], [50, 40, 45, 55], [45, 35, 55, 55], [35, 40, 55, 45], [25, 35, 40, 45], [25, 40, 35, 25], [20, 25, 35, 40]], "rate_ui": 5, "rankings": [[53, 55, 58, 71], [60, 63, 62, 79], [56, 66, 73, 74], [65, 72, 76, 80], [50, 59, 75, 77], [51, 64, 61, 78], [54, 70, 69, 67], [57, 52, 68, 81]], "rank_ui": 5, "groundtruth": [[53, 55, 58, 71], [60, 62, 63, 79], [56, 66, 73, 74], [65, 72, 76, 80], [50, 59, 75, 77], [51, 61, 64, 78], [54, 67, 69, 70], [52, 57, 68, 81]], "rank_dif": 2, "rate_dif": 2}, {"ratings": [[52, 50, 60, 65], [35, 60, 67, 45], [40, 60, 50, 70], [40, 65, 70, 75], [35, 40, 37, 45], [30, 35, 60, 50], [40, 50, 55, 60], [45, 50, 55, 65]], "rate_ui": 4, "rankings": [[50, 62, 70, 75], [53, 64, 69, 71], [51, 60, 78, 81], [52, 67, 73, 74], [55, 59, 63, 65], [56, 54, 68, 80], [58, 72, 76, 79], [57, 61, 66, 77]], "rank_ui": 4, "groundtruth": [[50, 62, 70, 75], [53, 64, 69, 71], [51, 60, 78, 81], [52, 67, 73, 74], [55, 59, 63, 65], [54, 56, 68, 80], [58, 72, 76, 79], [57, 61, 66, 77]], "rank_dif": 2, "rate_dif": 3}, {"ratings": [[45, 41, 55, 61], [47, 67, 50, 58], [60, 65, 72, 50], [38, 70, 74, 82], [46, 52, 66, 74], [45, 72, 84, 85], [48, 56, 45, 64], [49, 55, 60, 64]], "rate_ui": 3, "rankings": [[55, 50, 66, 71], [52, 54, 60, 79], [62, 70, 75, 81], [56, 68, 67, 76], [57, 53, 72, 74], [51, 59, 78, 80], [58, 65, 63, 69], [73, 64, 61, 77]], "rank_ui": 3, "groundtruth": [[50, 55, 66, 71], [52, 54, 60, 79], [62, 70, 75, 81], [56, 67, 68, 76], [53, 57, 72, 74], [51, 59, 78, 80], [58, 63, 65, 69], [61, 64, 73, 77]], "rank_dif": 2, "rate_dif": 2}, {"ratings": [[68, 79, 111, 99], [76, 103, 115, 89], [72, 99, 81, 94], [57, 73, 80, 97], [64, 70, 59, 77], [78, 73, 89, 98], [54, 72, 89, 97], [58, 67, 88, 102]], "rate_ui": 3, "rankings": [[54, 65, 69, 79], [58, 53, 63, 59], [56, 77, 66, 80], [60, 75, 74, 70], [52, 64, 72, 61], [51, 55, 71, 76], [57, 62, 73, 81], [50, 68, 67, 78]], "rank_ui": 4, "groundtruth": [[54, 65, 69, 79], [53, 58, 59, 63], [56, 66, 77, 80], [60, 70, 74, 75], [52, 61, 64, 72], [51, 55, 71, 76], [57, 62, 73, 81], [50, 67, 68, 78]], "rank_dif": 3, "rate_dif": 1}, {"ratings": [[70, 75, 90, 80], [45, 65, 70, 60], [60, 55, 65, 70], [30, 35, 45, 60], [45, 50, 60, 40], [25, 35, 40, 50], [30, 25, 37, 35], [25, 30, 45, 48]], "rate_ui": 5, "rankings": [[70, 68, 78, 80], [53, 59, 71, 76], [60, 51, 58, 79], [57, 56, 67, 75], [69, 61, 77, 73], [52, 63, 66, 81], [55, 62, 54, 65], [50, 64, 72, 74]], "rank_ui": 5, "groundtruth": [[68, 70, 78, 80], [53, 59, 71, 76], [51, 58, 60, 79], [56, 57, 67, 75], [61, 69, 73, 77], [52, 63, 66, 81], [54, 55, 62, 65], [50, 64, 72, 74]], "rank_dif": 4, "rate_dif": 4}, {"ratings": [[40, 30, 50, 60], [35, 55, 60, 75], [50, 70, 90, 80], [40, 50, 45, 60], [45, 50, 75, 90], [65, 105, 70, 85], [65, 50, 40, 80], [55, 60, 50, 75]], "rate_ui": 3, "rankings": [[50, 61, 80, 78], [51, 72, 71, 63], [54, 68, 59, 79], [53, 57, 55, 65], [52, 62, 73, 81], [70, 74, 77, 76], [56, 60, 58, 69], [64, 66, 75, 67]], "rank_ui": 4, "groundtruth": [[50, 61, 78, 80], [51, 63, 71, 72], [54, 59, 68, 79], [53, 55, 57, 65], [52, 62, 73, 81], [70, 74, 76, 77], [56, 58, 60, 69], [64, 66, 67, 75]], "rank_dif": 3, "rate_dif": 2}, {"ratings": [[30, 50, 60, 20], [20, 40, 40, 50], [20, 30, 30, 40], [30, 40, 34, 33], [20, 30, 33, 30], [20, 30, 33, 44], [50, 33, 40, 60], [30, 24, 20, 33]], "rate_ui": 4, "rankings": [[61, 51, 60, 78], [57, 74, 70, 63], [75, 71, 59, 72], [80, 64, 79, 68], [67, 53, 56, 77], [52, 66, 76, 58], [81, 62, 65, 55], [73, 69, 54, 50]], "rank_ui": 5, "groundtruth": [[51, 60, 61, 78], [57, 63, 70, 74], [59, 71, 72, 75], [64, 68, 79, 80], [53, 56, 67, 77], [52, 58, 66, 76], [55, 62, 65, 81], [50, 54, 69, 73]], "rank_dif": 4, "rate_dif": 5}, {"ratings": [[53, 47, 74, 117], [49, 72, 69, 84], [92, 68, 88, 97], [53, 87, 75, 112], [49, 48, 67, 71], [49, 51, 72, 81], [58, 51, 81, 67], [67, 74, 59, 76]], "rate_ui": 4, "rankings": [[51, 55, 73, 79], [50, 70, 77, 78], [64, 57, 63, 80], [72, 59, 81, 76], [58, 65, 61, 69], [52, 54, 75, 74], [67, 71, 66, 68], [53, 60, 56, 62]], "rank_ui": 4, "groundtruth": [[51, 55, 73, 79], [50, 70, 77, 78], [57, 63, 64, 80], [59, 72, 76, 81], [58, 61, 65, 69], [52, 54, 74, 75], [66, 67, 68, 71], [53, 56, 60, 62]], "rank_dif": 3, "rate_dif": 3}, {"ratings": [[50, 66, 55, 65], [61, 55, 60, 50], [50, 45, 60, 65], [55, 65, 70, 50], [52, 63, 60, 50], [61, 45, 50, 60], [56, 53, 50, 60], [53, 57, 50, 62]], "rate_ui": 4, "rankings": [[60, 71, 64, 68], [56, 70, 81, 78], [51, 59, 77, 76], [57, 66, 67, 80], [55, 63, 69, 73], [54, 65, 61, 79], [52, 62, 58, 74], [50, 53, 72, 75]], "rank_ui": 4, "groundtruth": [[60, 64, 68, 71], [56, 70, 78, 81], [51, 59, 76, 77], [57, 66, 67, 80], [55, 63, 69, 73], [54, 61, 65, 79], [52, 58, 62, 74], [50, 53, 72, 75]], "rank_dif": 2, "rate_dif": 2}, {"ratings": [[80, 120, 100, 110], [70, 100, 120, 120], [100, 100, 130, 140], [100, 130, 130, 120], [100, 120, 120, 120], [100, 130, 130, 130], [120, 100, 120, 130], [100, 130, 130, 130]], "rate_ui": 3, "rankings": [[56, 74, 65, 81], [64, 55, 73, 78], [57, 58, 80, 79], [52, 63, 60, 66], [50, 68, 67, 72], [54, 70, 75, 77], [51, 53, 61, 76], [71, 62, 59, 69]], "rank_ui": 3, "groundtruth": [[56, 65, 74, 81], [55, 64, 73, 78], [57, 58, 79, 80], [52, 60, 63, 66], [50, 67, 68, 72], [54, 70, 75, 77], [51, 53, 61, 76], [59, 62, 69, 71]], "rank_dif": 3, "rate_dif": 3}, {"ratings": [[65, 81, 90, 69], [55, 72, 60, 70], [66, 58, 60, 55], [50, 58, 60, 55], [59, 53, 60, 71], [65, 55, 63, 53], [63, 69, 70, 75], [54, 59, 62, 65]], "rate_ui": 5, "rankings": [[61, 80, 78, 79], [53, 56, 60, 70], [72, 67, 68, 74], [57, 54, 58, 59], [50, 52, 63, 77], [55, 64, 73, 71], [66, 62, 69, 81], [51, 65, 75, 76]], "rank_ui": 5, "groundtruth": [[61, 78, 79, 80], [53, 56, 60, 70], [67, 68, 72, 74], [54, 57, 58, 59], [50, 52, 63, 77], [55, 64, 71, 73], [62, 66, 69, 81], [51, 65, 75, 76]], "rank_dif": 1, "rate_dif": 1}, {"ratings": [[50, 50, 60, 60], [45, 60, 55, 70], [35, 35, 40, 75], [65, 60, 80, 50], [50, 45, 35, 40], [40, 85, 80, 75], [30, 45, 45, 70], [40, 60, 75, 80]], "rate_ui": 4, "rankings": [[54, 66, 70, 72], [55, 64, 69, 76], [51, 53, 57, 73], [52, 67, 81, 78], [65, 56, 58, 59], [60, 74, 75, 77], [71, 62, 63, 79], [50, 68, 61, 80]], "rank_ui": 2, "groundtruth": [[54, 66, 70, 72], [55, 64, 69, 76], [51, 53, 57, 73], [52, 67, 78, 81], [56, 58, 59, 65], [60, 74, 75, 77], [62, 63, 71, 79], [50, 61, 68, 80]], "rank_dif": 1, "rate_dif": 2}, {"ratings": [[71, 63, 97, 102], [112, 87, 99, 109], [52, 49, 88, 71], [67, 71, 59, 97], [81, 59, 58, 73], [99, 102, 86, 98], [78, 78, 92, 55], [47, 62, 101, 71]], "rate_ui": 5, "rankings": [[60, 61, 79, 81], [73, 80, 74, 78], [51, 53, 63, 66], [52, 59, 57, 75], [54, 56, 64, 68], [55, 69, 65, 77], [58, 67, 70, 71], [50, 62, 76, 72]], "rank_ui": 5, "groundtruth": [[60, 61, 79, 81], [73, 74, 78, 80], [51, 53, 63, 66], [52, 57, 59, 75], [54, 56, 64, 68], [55, 65, 69, 77], [58, 67, 70, 71], [50, 62, 72, 76]], "rank_dif": 4, "rate_dif": 5}, {"ratings": [[30, 40, 35, 45], [20, 20, 30, 30], [25, 30, 30, 35], [30, 30, 35, 35], [30, 30, 35, 35], [20, 20, 25, 30], [20, 20, 30, 30], [20, 35, 30, 30]], "rate_ui": 3, "rankings": [[53, 68, 69, 80], [52, 51, 61, 70], [77, 57, 62, 79], [60, 71, 65, 81], [63, 64, 76, 75], [50, 58, 59, 74], [54, 55, 66, 78], [73, 67, 56, 72]], "rank_ui": null, "groundtruth": [[53, 68, 69, 80], [51, 52, 61, 70], [57, 62, 77, 79], [60, 65, 71, 81], [63, 64, 75, 76], [50, 58, 59, 74], [54, 55, 66, 78], [56, 67, 72, 73]], "rank_dif": 3, "rate_dif": 3}, {"ratings": [[53, 85, 80, 95], [66, 85, 85, 90], [77, 63, 65, 99], [90, 90, 99, 98], [75, 65, 82, 74], [80, 67, 85, 90], [68, 68, 75, 75], [56, 51, 56, 80]], "rate_ui": 5, "rankings": [[51, 55, 69, 80], [52, 70, 77, 78], [58, 65, 62, 79], [59, 60, 71, 68], [53, 54, 61, 64], [56, 67, 72, 73], [66, 74, 76, 81], [50, 57, 63, 75]], "rank_ui": 5, "groundtruth": [[51, 55, 69, 80], [52, 70, 77, 78], [58, 62, 65, 79], [59, 60, 68, 71], [53, 54, 61, 64], [56, 67, 72, 73], [66, 74, 76, 81], [50, 57, 63, 75]], "rank_dif": 5, "rate_dif": 5}, {"ratings": [[45, 50, 60, 55], [40, 40, 45, 50], [30, 40, 50, 55], [30, 55, 45, 50], [40, 35, 45, 55], [40, 40, 45, 50], [45, 50, 55, 55], [35, 40, 40, 45]], "rate_ui": 4, "rankings": [[61, 74, 69, 76], [52, 65, 79, 77], [50, 59, 70, 66], [53, 72, 71, 73], [55, 57, 67, 81], [54, 51, 62, 80], [64, 68, 78, 75], [56, 60, 63, 58]], "rank_ui": 4, "groundtruth": [[61, 69, 74, 76], [52, 65, 77, 79], [50, 59, 66, 70], [53, 71, 72, 73], [55, 57, 67, 81], [51, 54, 62, 80], [64, 68, 75, 78], [56, 58, 60, 63]], "rank_dif": 3, "rate_dif": 1}, {"ratings": [[42, 35, 40, 50], [46, 48, 40, 45], [61, 50, 60, 55], [48, 56, 55, 50], [66, 65, 60, 62], [55, 56, 52, 50], [56, 50, 55, 65], [49, 55, 45, 60]], "rate_ui": 5, "rankings": [[57, 69, 50, 71], [65, 61, 64, 74], [68, 81, 60, 73], [51, 59, 78, 79], [63, 75, 67, 77], [58, 72, 66, 70], [52, 62, 76, 80], [55, 53, 54, 56]], "rank_ui": 5, "groundtruth": [[50, 57, 69, 71], [61, 64, 65, 74], [60, 68, 73, 81], [51, 59, 78, 79], [63, 67, 75, 77], [58, 66, 70, 72], [52, 62, 76, 80], [53, 54, 55, 56]], "rank_dif": 3, "rate_dif": 4}, {"ratings": [[45, 70, 60, 65], [55, 50, 65, 65], [60, 55, 72, 75], [75, 65, 78, 60], [50, 52, 76, 70], [54, 82, 75, 80], [50, 55, 55, 60], [65, 48, 62, 70]], "rate_ui": 5, "rankings": [[54, 77, 68, 69], [52, 63, 53, 62], [58, 65, 81, 80], [70, 71, 72, 67], [60, 59, 73, 78], [51, 79, 76, 74], [50, 55, 66, 61], [57, 56, 64, 75]], "rank_ui": 5, "groundtruth": [[54, 68, 69, 77], [52, 53, 62, 63], [58, 65, 80, 81], [67, 70, 71, 72], [59, 60, 73, 78], [51, 74, 76, 79], [50, 55, 61, 66], [56, 57, 64, 75]], "rank_dif": 2, "rate_dif": 2}, {"ratings": [[55, 75, 90, 80], [70, 50, 75, 80], [70, 70, 90, 85], [60, 85, 85, 90], [55, 75, 70, 80], [60, 65, 90, 75], [70, 60, 70, 70], [55, 65, 70, 90]], "rate_ui": 4, "rankings": [[58, 67, 79, 81], [51, 53, 64, 74], [57, 66, 73, 68], [63, 61, 78, 76], [59, 56, 65, 72], [52, 75, 69, 77], [50, 54, 62, 71], [60, 55, 70, 80]], "rank_ui": 4, "groundtruth": [[58, 67, 79, 81], [51, 53, 64, 74], [57, 66, 68, 73], [61, 63, 76, 78], [56, 59, 65, 72], [52, 69, 75, 77], [50, 54, 62, 71], [55, 60, 70, 80]], "rank_dif": 3, "rate_dif": 2}, {"ratings": [[50, 50, 60, 70], [55, 50, 60, 70], [60, 50, 70, 75], [45, 50, 60, 70], [50, 70, 75, 70], [60, 50, 65, 50], [50, 50, 60, 55], [65, 50, 70, 65]], "rate_ui": 4, "rankings": [[50, 51, 62, 66], [60, 53, 61, 65], [59, 67, 70, 79], [56, 73, 76, 81], [52, 78, 80, 77], [71, 64, 68, 74], [54, 63, 55, 69], [58, 57, 75, 72]], "rank_ui": 5, "groundtruth": [[50, 51, 62, 66], [53, 60, 61, 65], [59, 67, 70, 79], [56, 73, 76, 81], [52, 77, 78, 80], [64, 68, 71, 74], [54, 55, 63, 69], [57, 58, 72, 75]], "rank_dif": 3, "rate_dif": 3}, {"ratings": [[46, 40, 62, 64], [44, 62, 74, 50], [38, 42, 48, 58], [44, 52, 78, 68], [54, 58, 56, 52], [52, 40, 62, 44], [50, 48, 52, 54], [54, 52, 56, 68]], "rate_ui": 3, "rankings": [[52, 51, 72, 73], [50, 62, 76, 75], [53, 69, 64, 81], [58, 74, 78, 80], [65, 70, 66, 77], [54, 56, 60, 68], [55, 61, 67, 71], [57, 63, 59, 79]], "rank_ui": 4, "groundtruth": [[51, 52, 72, 73], [50, 62, 75, 76], [53, 64, 69, 81], [58, 74, 78, 80], [65, 66, 70, 77], [54, 56, 60, 68], [55, 61, 67, 71], [57, 59, 63, 79]], "rank_dif": 2, "rate_dif": 2}, {"ratings": [[35, 40, 60, 55], [36, 39, 45, 40], [40, 30, 45, 45], [35, 38, 40, 45], [30, 42, 45, 50], [35, 37, 38, 45], [38, 39, 40, 42], [33, 39, 40, 35]], "rate_ui": 3, "rankings": [[52, 55, 78, 73], [53, 60, 59, 72], [58, 54, 67, 79], [61, 75, 80, 76], [50, 74, 68, 81], [51, 56, 63, 62], [64, 66, 71, 77], [57, 65, 70, 69]], "rank_ui": 3, "groundtruth": [[52, 55, 73, 78], [53, 59, 60, 72], [54, 58, 67, 79], [61, 75, 76, 80], [50, 68, 74, 81], [51, 56, 62, 63], [64, 66, 71, 77], [57, 65, 69, 70]], "rank_dif": 3, "rate_dif": 3}, {"ratings": [[42, 48, 38, 49], [45, 52, 57, 61], [41, 48, 42, 53], [48, 52, 55, 57], [42, 48, 55, 59], [45, 48, 55, 59], [46, 51, 58, 55], [47, 49, 55, 56]], "rate_ui": 3, "rankings": [[78, 68, 67, 75], [81, 74, 71, 52], [70, 65, 62, 59], [79, 80, 55, 58], [72, 69, 54, 57], [77, 60, 53, 51], [66, 61, 73, 56], [76, 64, 63, 50]], "rank_ui": 3, "groundtruth": [[67, 68, 75, 78], [52, 71, 74, 81], [59, 62, 65, 70], [55, 58, 79, 80], [54, 57, 69, 72], [51, 53, 60, 77], [56, 61, 66, 73], [50, 63, 64, 76]], "rank_dif": 1, "rate_dif": 1}, {"ratings": [[25, 21, 35, 40], [25, 24, 30, 35], [18, 20, 25, 25], [22, 20, 34, 35], [29, 34, 30, 30], [28, 27, 28, 36], [20, 24, 25, 28], [20, 22, 25, 32]], "rate_ui": 5, "rankings": [[65, 55, 67, 80], [54, 63, 52, 70], [71, 62, 78, 77], [66, 75, 58, 72], [50, 59, 76, 74], [57, 60, 64, 81], [51, 61, 68, 69], [53, 56, 73, 79]], "rank_ui": 4, "groundtruth": [[55, 65, 67, 80], [52, 54, 63, 70], [62, 71, 77, 78], [58, 66, 72, 75], [50, 59, 74, 76], [57, 60, 64, 81], [51, 61, 68, 69], [53, 56, 73, 79]], "rank_dif": 2, "rate_dif": 2}, {"ratings": [[35, 40, 45, 52], [49, 45, 52, 55], [40, 48, 49, 52], [48, 48, 55, 58], [38, 42, 49, 48], [45, 38, 40, 48], [40, 45, 55, 50], [48, 49, 47, 50]], "rate_ui": 4, "rankings": [[56, 57, 73, 70], [59, 60, 69, 75], [50, 64, 63, 76], [65, 67, 80, 78], [53, 74, 79, 71], [52, 51, 61, 68], [54, 55, 81, 77], [58, 72, 62, 66]], "rank_ui": 5, "groundtruth": [[56, 57, 70, 73], [59, 60, 69, 75], [50, 63, 64, 76], [65, 67, 78, 80], [53, 71, 74, 79], [51, 52, 61, 68], [54, 55, 77, 81], [58, 62, 66, 72]], "rank_dif": 3, "rate_dif": 2}, {"ratings": [[60, 75, 60, 70], [40, 45, 55, 65], [35, 40, 50, 60], [60, 45, 35, 55], [30, 35, 55, 50], [35, 45, 50, 55], [40, 35, 45, 55], [30, 35, 45, 50]], "rate_ui": 2, "rankings": [[62, 71, 56, 61], [79, 67, 50, 51], [54, 60, 72, 81], [52, 59, 75, 64], [55, 53, 74, 68], [63, 66, 73, 78], [65, 58, 70, 80], [57, 69, 76, 77]], "rank_ui": 2, "groundtruth": [[56, 61, 62, 71], [50, 51, 67, 79], [54, 60, 72, 81], [52, 59, 64, 75], [53, 55, 68, 74], [63, 66, 73, 78], [58, 65, 70, 80], [57, 69, 76, 77]], "rank_dif": 3, "rate_dif": 3}, {"ratings": [[60, 55, 75, 90], [50, 70, 60, 75], [45, 70, 80, 80], [45, 50, 60, 50], [50, 45, 55, 50], [60, 70, 70, 60], [50, 60, 70, 65], [45, 50, 60, 50]], "rate_ui": 3, "rankings": [[66, 63, 68, 75], [54, 61, 78, 80], [51, 72, 81, 79], [60, 53, 71, 69], [57, 52, 58, 62], [55, 67, 77, 76], [50, 59, 64, 73], [70, 56, 74, 65]], "rank_ui": 3, "groundtruth": [[63, 66, 68, 75], [54, 61, 78, 80], [51, 72, 79, 81], [53, 60, 69, 71], [52, 57, 58, 62], [55, 67, 76, 77], [50, 59, 64, 73], [56, 65, 70, 74]], "rank_dif": 2, "rate_dif": 2}, {"ratings": [[65, 70, 50, 80], [35, 55, 65, 45], [50, 45, 55, 70], [45, 60, 50, 45], [52, 45, 50, 55], [55, 55, 55, 50], [65, 70, 70, 75], [65, 60, 75, 80]], "rate_ui": 5, "rankings": [[54, 63, 68, 76], [50, 65, 70, 80], [59, 62, 74, 81], [57, 72, 77, 69], [51, 64, 56, 66], [71, 67, 73, 79], [52, 58, 61, 78], [53, 60, 55, 75]], "rank_ui": 5, "groundtruth": [[54, 63, 68, 76], [50, 65, 70, 80], [59, 62, 74, 81], [57, 69, 72, 77], [51, 56, 64, 66], [67, 71, 73, 79], [52, 58, 61, 78], [53, 55, 60, 75]], "rank_dif": 3, "rate_dif": 3}, {"ratings": [[50, 60, 65, 55], [60, 45, 48, 50], [40, 50, 45, 55], [45, 48, 60, 55], [45, 50, 48, 55], [40, 45, 45, 50], [40, 45, 45, 50], [50, 55, 42, 40]], "rate_ui": 3, "rankings": [[55, 65, 76, 74], [60, 62, 69, 72], [50, 58, 66, 77], [64, 71, 75, 81], [57, 70, 73, 80], [51, 56, 68, 79], [52